"Cartesian Velocity:0","Cartesian Velocity:1","Cartesian Velocity:2","Spherical Velocity:0","Spherical Velocity:1","Spherical Velocity:2","Pressure","PointID","RegionId","GSV:0","GSV:1","GSV:2","GSV:3","GSV:4","GSV:5","GSV:6","GSV:7","GSV:8","magGSV","magGSV_Order","DescendingManifold","AscendingManifold","MorseSmaleManifold","Points:0","Points:1","Points:2"
-316.72,-59.89,-961.55,41.843,993.71,198.17,5.5506e+05,438221,1,-10842,3369.8,-50935,-11424,5729.3,-57839,1035.4,9780.7,-16803,81309,355198,448,1197,2302,-1.9096,0.98262,0.47212
314.24,469.33,-419.23,-151.36,396.33,-561.06,5.1382e+05,438219,1,-13404,-7763.2,-39126,-10201,717.94,-43974,-12203,-7124.7,-35766,72719,353924,448,1197,2302,-1.9125,0.98262,0.46039
-162.68,-65.951,-455.43,13.526,469.2,133.79,5.5946e+05,436769,1,-5237.7,5508.1,-32927,-13861,-480.17,-55047,13791,26067,434.52,72349,353873,448,1197,2302,-1.9037,0.99467,0.47066
170.44,567.22,-513.98,1.5134,525.88,-581.73,5.3692e+05,436767,1,-9215.3,-2231.9,-33659,-9190.7,4076.9,-46911,57.263,8520.6,-18775,62846,352192,448,1197,2302,-1.9066,0.99467,0.45897
676.76,1083.4,-16.461,-100.92,-4.1534,-1273.5,5.0012e+05,436765,1,-8807.6,-3352,-30015,-7729.8,1173.6,-35394,-7981.7,-242.97,-33569,59112,351510,448,1197,2302,-1.9094,0.99467,0.44726
992.81,1502.3,478.89,-99.494,-508.8,-1789.8,4.3926e+05,438215,1,-3261.3,-1777.7,-10237,-11121,-8917.5,-28783,-3632.7,-1969.5,-11367,36008,345870,448,1197,2302,-1.918,0.98262,0.43689
945.82,1432.8,391.02,-96.899,-418.5,-1707.6,4.6751e+05,436763,1,-4995.3,-3265.9,-14392,-7420.7,-2464.5,-26852,-7199.9,-5326.5,-19352,38466,346690,448,1197,2302,-1.9121,0.99467,0.43554
-61.565,-107.65,33.513,11.001,-31.901,123.95,5.5744e+05,435319,1,-4585.5,4469.9,-28069,-17146,-4515,-59592,18502,29210,12211,77712,354711,448,1117,2301,-1.8978,1.0067,0.46919
247.32,592.39,-159.86,24.168,168.58,-639.26,5.4966e+05,435317,1,-5303,3443.8,-29638,-11775,-435.76,-47836,9779.7,20471,-4618,62302,352091,448,1117,2301,-1.9006,1.0067,0.45753
1031.4,1781.4,486.91,-10.733,-498.39,-2055.7,4.0135e+05,438213,1,-149.19,122.97,-938.2,-4923.1,-5503.9,-9449.2,771.26,1188.2,767.81,12138,330109,448,1197,2302,-1.9206,0.98262,0.42511
638.68,1024,66.077,-70.644,-82.107,-1203.8,5.0263e+05,435315,1,-6679.2,-1549,-25022,-6510.8,1391.7,-31054,-2467.7,4042.8,-19721,45750,348713,448,1117,2301,-1.9034,1.0067,0.44586
887.76,1382.5,336.75,-70.136,-357.64,-1637.1,4.8032e+05,435313,1,-4518.1,-1808.8,-15599,-5875.9,-815.95,-23882,-4661.1,-612.54,-18948,35407,345671,448,1197,2302,-1.9061,1.0067,0.43418
1035.1,1708.3,495.3,-33.131,-511.27,-1993.1,4.2164e+05,436761,1,-932.02,-567.72,-2837.6,-5231.7,-4165.2,-13761,-811.38,-672.25,-2044.1,15768,334614,448,1197,2302,-1.9147,0.99467,0.4238
1025,1638.5,493.14,-44.898,-511.29,-1927.5,4.4329e+05,435311,1,-1535.4,-818.36,-4946.9,-4546.1,-2498.8,-14563,-1436,-793.33,-4526.9,17020,335695,448,1197,2302,-1.9087,1.0067,0.42247
-27.21,-203.22,431.04,20.948,-436.58,191.83,5.5685e+05,433873,1,-5824.6,2313.7,-28592,-18869,-5898,-63465,17728,24319,18752,80825,355132,448,1117,2301,-1.8918,1.0187,0.4677
341.36,595.7,207.33,24.847,-206.67,-686.32,5.5444e+05,433871,1,-4142.3,4299.3,-26728,-13511,-1194.7,-53277,13016,19991,9404.1,66558,352933,448,1117,2301,-1.8946,1.0187,0.45608
617.41,1111.1,139.54,10.194,-140.38,-1271,5.2953e+05,433869,1,-4528.2,2307.2,-24508,-7345.1,2645.1,-37130,5019,11871,-5873.3,47610,349163,448,1117,2301,-1.8974,1.0187,0.44445
1014.1,1838.9,435.39,4.0254,-442.57,-2098.5,4.9668e+05,439665,1,518.48,831.2,461.45,-856.54,-1383.4,-718.99,1274,1898.4,1468.3,3423.4,265583,448,1197,2302,-1.9291,0.97053,0.41458
1027.6,1822.2,462.97,2.5199,-470.89,-2090.2,4.5926e+05,438211,1,383.48,667.89,199.56,-1332.3,-1675.9,-2175.2,950.35,1235.7,1490.1,3820.8,278316,448,1197,2302,-1.9232,0.98262,0.41332
888.18,1432.4,331.06,-38.723,-345.44,-1682.1,4.944e+05,433867,1,-3552.8,769.47,-17283,-3559,3345.4,-23308,-1388.3,3436.9,-14136,33055,344788,448,1117,2301,-1.9,1.0187,0.4328
1013.7,1624.4,474.31,-33.766,-489.84,-1910.6,4.6535e+05,433865,1,-1782.2,-93.625,-7748.3,-2755.6,951.25,-14648,-1860.1,-322.98,-7535.7,18618,337131,448,1117,2301,-1.9027,1.0187,0.42113
1035.8,1799.2,477.39,0.185,-485.97,-2074.1,4.2741e+05,436759,1,102.62,294.57,-227.99,-2090.1,-1972,-4895,561.43,537.75,1318.8,5891.6,302709,448,1197,2302,-1.9173,0.99467,0.41204
1041.6,1774.3,484.85,-2.5141,-494.01,-2055.3,4.2398e+05,435309,1,76.831,457.28,-754.88,-2229.1,-1568.6,-6463,436.92,391.13,1083,7176.4,312635,448,1197,2302,-1.9113,1.0067,0.41075
1049.7,1751.4,489.24,-6.9943,-499.28,-2039.4,4.3456e+05,433863,1,-137.93,369.47,-1544.9,-1773.4,-716.75,-6425,-29.416,-85.604,93.8,6891.9,311241,448,1117,2301,-1.9052,1.0187,0.40945
377.99,555.49,448.9,28.529,-452.78,-668.68,5.5605e+05,432427,1,-7069.8,109,-29457,-17659,-5060.1,-61557,12292,14846,17313,75602,354397,448,1117,2301,-1.8885,1.0306,0.45461
679.14,1163.7,304.05,22.559,-305.77,-1346.8,5.4794e+05,432425,1,-3998.3,2307.1,-22418,-7999.6,1469.7,-37439,4367.2,7597.4,833.93,45489,348658,448,1117,2301,-1.8912,1.0306,0.44301
1010.1,1839.9,420.28,1.7217,-427.19,-2097.6,5.2819e+05,439663,1,434.98,830.71,79.959,-451.95,-793.58,-252.52,952.45,1585.4,737.92,2397.7,188074,448,1197,2302,-1.9316,0.97053,0.40273
1022.5,1828.9,443.01,2.711,-450.08,-2093.9,5.1393e+05,438209,1,433.07,780.46,165.25,-492.97,-817.91,-359.4,864.34,1261.9,1055.3,2306.1,169870,448,1197,2302,-1.9257,0.98262,0.40151
1033.7,1815.3,458.35,2.0822,-465.75,-2087.3,4.9008e+05,436757,1,356.97,651.76,96.214,-647.32,-987.23,-653.97,651.02,826.46,1072,2153.8,165156,448,1197,2302,-1.9198,0.99467,0.40027
903.03,1465.7,375.16,-17.223,-386.04,-1719,5.0707e+05,432423,1,-2445.9,995.36,-13096,-3004.4,2446.3,-19024,-724.7,1848.8,-7636.1,24852,341036,448,1117,2301,-1.8939,1.0306,0.4314
1013.2,1640.6,459.29,-17.302,-471.26,-1925.3,4.8507e+05,432421,1,-991.97,737.98,-6264.1,-1788.2,1366.1,-11415,-854.13,72.956,-4022.4,13894,332597,448,1117,2301,-1.8965,1.0306,0.41977
1042.4,1801.4,465.53,1.9543,-473.03,-2079.5,4.7288e+05,435307,1,292.1,618.08,-159.89,-799.47,-932.04,-1474.2,462.24,477.16,1007,2372.7,184573,448,1117,2301,-1.9138,1.0067,0.39902
1052.6,1790.8,473.04,1.9283,-480.62,-2075.5,4.6936e+05,433861,1,334.43,754.09,-332.18,-742.73,-628.51,-1942.5,450.29,522.84,815.31,2579.1,229694,448,1117,2301,-1.9077,1.0187,0.39775
1058.6,1739.6,488.76,-8.2525,-498.96,-2033.9,4.5434e+05,432419,1,-114.73,753.01,-2412.3,-1265.9,-33.783,-5771,-242.71,35.404,-1194.6,6541.7,309275,448,1117,2301,-1.8991,1.0306,0.40813
1065.2,1781.6,481.14,0.6041,-489.05,-2073.9,4.66e+05,432417,1,311.06,764.43,-491.46,-837.5,-564.22,-2525.1,318.79,366.53,571.92,2980.2,246960,448,1117,2301,-1.9015,1.0306,0.39647
350.78,467.9,602.89,45.795,-606.47,-579.27,5.6021e+05,430985,1,-8782,-1325.5,-33534,-17691,-2983.1,-66795,8952.6,6945,21213,81026,355157,448,1117,2301,-1.8823,1.0425,0.45312
735.02,1190.3,429.86,20.535,-434.58,-1397.3,5.5349e+05,430983,1,-3905.4,3136.4,-23959,-8904.4,2323,-43284,4777.1,5548,7255.4,51609,350078,448,1117,2301,-1.885,1.0425,0.44156
926.18,1517.4,409.16,4.3233,-416.36,-1776.1,5.33e+05,430981,1,-1671.9,2203.6,-12629,-3074.7,2566.2,-19620,876.32,2618.7,-2523.2,24127,340643,448,1117,2301,-1.8877,1.0425,0.42999
268.36,381.44,683.66,94.35,-678.75,-464,5.6605e+05,429547,1,-10756,-2758.1,-38264,-20645,-1477.7,-82106,14357,7640.7,41460,1.0364e+05,357952,448,1117,2301,-1.876,1.0544,0.45161
1010.7,1846.3,414.71,-0.30231,-421.48,-2103.5,5.2891e+05,439661,1,359.13,766.25,-123.14,-543.65,-849.71,-585.07,712.96,1331.7,226.07,2103.3,163831,448,1197,2302,-1.934,0.97053,0.39087
1021.6,1833.1,433.77,0.24371,-440.7,-2097.1,5.3099e+05,438207,1,367.66,748.42,-68.779,-507.8,-818.6,-447.97,694.05,1184.9,444.05,1977.8,146701,448,1197,2302,-1.9281,0.98262,0.38969
1011.2,1855.3,410.75,-0.78806,-417.13,-2111.8,5.1974e+05,439659,1,359.59,765.56,-123.05,-587.55,-895.68,-709.66,692.56,1298.8,213.64,2103.3,163820,448,1197,2302,-1.9364,0.97053,0.379
1011.9,1865.9,406.41,-0.76124,-412.33,-2121.5,5.1748e+05,439657,1,352.8,758.89,-143.14,-606.78,-910.53,-797.79,694.94,1300.6,232.15,2103.3,163829,448,1197,2302,-1.9387,0.97053,0.36711
1032.8,1821.7,449.27,0.57764,-456.34,-2092.5,5.2561e+05,436755,1,356.09,735.12,-122.85,-487.52,-694.68,-634.69,487.71,793.42,381.5,1678.8,29551,448,1197,2302,-1.9222,0.99467,0.38848
1031.4,1667.1,460.92,-8.6005,-471.16,-1958,5.0355e+05,430979,1,-498.47,1127.9,-5051.9,-1267.7,983.6,-8174,-464.86,328.46,-2923.7,10262,325279,448,1117,2301,-1.8903,1.0425,0.4184
1044.6,1813.3,458.73,0.64468,-465.9,-2091.1,5.2224e+05,435305,1,360.09,766.96,-210.97,-444.63,-541.91,-789.49,352.07,549.17,313.01,1549.4,13556,448,1117,2301,-1.9162,1.0067,0.38727
1056.1,1805.2,465.94,0.72509,-473.16,-2089.8,5.1765e+05,433859,1,347.94,758.05,-273.08,-474.36,-546.62,-905.85,337.06,521.68,290.37,1607.7,14699,448,1117,2301,-1.9101,1.0187,0.38604
1067.8,1796.8,474.57,0.61911,-481.9,-2088.4,5.1065e+05,432415,1,367.47,788,-292.19,-513.22,-553.49,-1054.6,362.27,562.2,283.42,1746.7,130533,448,1117,2301,-1.9039,1.0306,0.38479
1069.3,1736.9,489.75,-6.4001,-499.56,-2037.3,4.7462e+05,430977,1,44.047,757.34,-1720.6,-987.5,-180.77,-4128.8,-69.593,208.66,-841.23,4727.3,291452,448,1117,2301,-1.8928,1.0425,0.40679
1077.9,1772.2,489.58,-0.84178,-497.83,-2072.3,4.6016e+05,430975,1,330.62,803.48,-529.65,-659.36,-460.94,-1938.2,289.68,479.1,131.89,2402.1,188789,448,1117,2301,-1.8953,1.0425,0.39517
774.92,1234.3,474.2,24.635,-478.96,-1455.6,5.5998e+05,429545,1,-4923.7,1952.4,-25615,-8699.6,2831.3,-43769,2910.2,1915.5,7786.4,52501,350252,448,1117,2301,-1.8788,1.0544,0.44009
970,1564.7,443.9,6.7937,-451.23,-1839.1,5.4762e+05,429543,1,-1031.7,2995,-11835,-2516.3,3289.3,-19022,859.02,1572.8,-120.14,23072,340046,448,1117,2301,-1.8814,1.0544,0.42856
1053.6,1686.7,472.45,-4.3715,-482.03,-1986.4,5.1808e+05,429541,1,-82.832,1842.3,-4991.8,-694.56,1737.4,-7473.2,-71.588,779.38,-2276.1,9667.5,323619,448,1117,2301,-1.884,1.0544,0.41701
204.77,454.76,676.01,184.76,-652,-496.47,5.7137e+05,428111,1,-8490.3,2441.2,-41312,-12321,15907,-88860,10938,-3349.5,52944,1.141e+05,359064,448,1117,2301,-1.8697,1.0662,0.45009
835.1,1335,468.34,29.603,-471.91,-1573.3,5.6641e+05,428109,1,-5688.1,4198.2,-34240,-5427.1,10536,-48463,1214.9,-1768.2,9384.2,61677,351980,448,1117,2301,-1.8724,1.0662,0.43861
1022.5,1842.1,429.58,-0.6903,-436.19,-2105.5,5.2425e+05,438205,1,352.18,745.29,-138.89,-556.31,-820.75,-710.08,627.75,1153.5,209.37,1988.6,147084,448,1197,2302,-1.9305,0.98262,0.37785
1023.3,1852.4,425.71,-0.77599,-431.86,-2115,5.1974e+05,438203,1,358.73,756.15,-135.82,-569.69,-827.92,-787.51,646.96,1186.6,233.27,2056.7,148800,448,1197,2302,-1.9328,0.98262,0.36599
1024.1,1863.3,421.14,-0.69814,-426.82,-2125.1,5.2041e+05,438201,1,355.74,754.37,-149.76,-580.18,-847.44,-820.22,670.45,1232.3,245.39,2103.3,163810,448,1197,2302,-1.935,0.98262,0.35413
1033.7,1830.7,445.16,-0.3843,-451.91,-2100.9,5.247e+05,436753,1,364.87,764.42,-154.85,-483.86,-663.42,-723.09,498.97,889.84,201.69,1737.8,129584,448,1197,2302,-1.9245,0.99467,0.37668
1045.6,1822,456.5,-0.18826,-463.34,-2099.2,5.2211e+05,435303,1,383.69,796.76,-175.84,-411.78,-508.6,-742.09,359.28,646.19,104.65,1532.8,13369,448,1197,2302,-1.9185,1.0067,0.3755
1081.3,1737.3,492.48,-3.8686,-501.79,-2044,4.9159e+05,429539,1,172.06,927.99,-1599.1,-641.01,133.77,-3317.9,-59.014,296.39,-1033.1,4005.4,282749,448,1117,2301,-1.8866,1.0544,0.40544
1058.2,1815.7,464.94,-0.01088,-471.83,-2100,5.2783e+05,433857,1,387.75,809.07,-225.3,-400.43,-449.43,-818.52,290.98,537.24,20.773,1503.9,13061,448,1117,2301,-1.9124,1.0187,0.37431
1070.5,1808.9,472.84,0.038917,-479.79,-2100.4,5.2831e+05,432413,1,376.81,786.05,-244.63,-433.26,-485.38,-870.66,292.25,523.98,45.001,1537.2,13412,448,1117,2301,-1.9063,1.0306,0.3731
1079.6,1788.1,484.02,0.4424,-491.47,-2087,5.0313e+05,430973,1,373.36,764.4,-235.88,-532.35,-563.45,-1096.8,372.45,568.18,294.36,1769.6,133019,448,1117,2301,-1.8977,1.0425,0.38353
1082.2,1800.9,480.95,0.061515,-487.97,-2099.4,5.1904e+05,430971,1,359.35,743.67,-242.15,-481.94,-559.73,-894.84,306.88,521.73,108.44,1570.1,14066,448,1117,2301,-1.9,1.0425,0.37188
1090.3,1764.6,497.07,-1.4795,-505.51,-2072.2,4.6448e+05,429537,1,359.28,792.76,-396.16,-559.07,-443.78,-1495.5,237.84,415.65,35.255,1972.6,146550,448,1117,2301,-1.889,1.0544,0.39385
1018.1,1618.2,457.59,5.3483,-465.42,-1910,5.562e+05,428107,1,-586.64,2883.7,-9710.9,-1344.8,3716.8,-15080,-73.235,45.746,-451.11,18606,337115,448,1117,2301,-1.8751,1.0662,0.42711
1077.4,1708.7,477.79,-1.2556,-486.8,-2017.9,5.3291e+05,428105,1,186.33,1479.4,-2941,-254.36,1308.4,-4484.7,-392.39,-94.61,-1526.1,5937.5,303152,448,1117,2301,-1.8777,1.0662,0.4156
1095.7,1740.4,494.14,-2.2017,-503.12,-2054.5,5.083e+05,428103,1,339.21,1145.2,-1426.6,-220.5,605.1,-2601.5,-231.44,15.265,-1103.6,3451.9,266522,448,1117,2301,-1.8802,1.0662,0.40407
344.48,872.22,581.63,254.32,-541.13,-927.48,5.744e+05,426677,1,-4393.2,10760,-44303,-5630.8,23874,-80525,8114.4,-5457.4,46396,1.0692e+05,358312,448,1117,2301,-1.8633,1.078,0.44855
937.44,1521.9,433.27,36.649,-434.66,-1786.7,5.706e+05,426675,1,-2303.3,6604.5,-25948,-350.3,11350,-29304,-510.98,-2571.9,4090.7,41635,347660,448,1117,2301,-1.866,1.078,0.43711
1071.4,1691.7,450.2,6.0169,-457.69,-2000.7,5.6135e+05,426673,1,393.1,3702.7,-7561.1,936.35,5739.8,-10291,-1078.2,-1434.9,-1102.4,14669,333509,448,1117,2301,-1.8687,1.078,0.42565
692.06,1442.9,443.57,220.84,-407.18,-1594.8,5.7616e+05,425247,1,236.79,21603,-51386,9538.2,45822,-71484,1227.2,-17235,46580,1.1347e+05,359008,448,1117,2301,-1.8569,1.0897,0.447
1034.8,1841,442.2,-0.58194,-448.51,-2110.5,5.1931e+05,436751,1,369.07,771.16,-151.07,-501.95,-683.95,-788.38,533.15,972.06,171.31,1831.3,140486,448,1197,2302,-1.9268,0.99467,0.36487
1025.2,1874.6,416.51,-0.67129,-421.75,-2135.6,5.2102e+05,438199,1,349.78,748.51,-170.18,-593.36,-876.12,-849.54,696.85,1281.9,266.55,2103.3,163822,448,1197,2302,-1.9371,0.98262,0.34225
1035.7,1851.5,438.95,-0.57459,-444.82,-2120.3,5.1939e+05,436749,1,377.18,783.37,-152.03,-491.23,-670.04,-793.11,548.49,1006.8,155.89,1854,142606,448,1197,2302,-1.929,0.99467,0.35304
1036.7,1862.2,435.24,-0.58405,-440.66,-2130.3,5.2137e+05,436747,1,369.19,771.9,-157.21,-529.29,-746.99,-819.66,624.87,1135.7,232.15,2000.2,147415,448,1197,2302,-1.9312,0.99467,0.34119
1046.7,1832.2,454.79,-0.3166,-461.19,-2108.7,5.1544e+05,435301,1,393.42,808.07,-159.67,-418.18,-518.74,-778.76,411.8,756.78,83.35,1622.6,23442,448,1197,2302,-1.9208,1.0067,0.36372
1059.3,1825.6,464.4,-0.10816,-470.87,-2109.2,5.0351e+05,433855,1,406.79,822.07,-161.14,-370.81,-427.59,-756.56,302.18,561.47,19.186,1472,12601,448,1197,2302,-1.9147,1.0187,0.36257
1102.7,1759.9,501.07,-1.3315,-509.49,-2074.7,4.7784e+05,428101,1,415.09,876.52,-388.02,-292.19,-55.392,-1244,-37.495,48.713,-303.92,1680.2,29654,448,1117,2301,-1.8826,1.0662,0.39253
1071.8,1819.1,472.18,-0.039612,-478.7,-2109.9,5.1074e+05,432411,1,394.96,792.19,-172.02,-400.2,-468.32,-772.04,273.38,500.14,17.252,1453.9,12459,448,1117,2301,-1.9085,1.0306,0.3614
1091.4,1779.4,493.17,0.18537,-500.76,-2085.7,4.9762e+05,429535,1,387.15,763.15,-189.43,-507.69,-529.2,-1051.1,338.07,498.72,299.62,1692.2,30282,448,1117,2301,-1.8914,1.0544,0.38226
1092.8,1791.3,488.53,0.12551,-495.6,-2096.7,5.1649e+05,429533,1,352.38,705.75,-207.28,-506.92,-596.75,-892.25,295.42,448.92,232.25,1554.7,13641,448,1117,2301,-1.8937,1.0544,0.37064
1083.6,1811.5,479.31,-0.054771,-485.89,-2109.4,5.1568e+05,430969,1,375.56,746.47,-178.66,-442.16,-529.09,-802.61,259.7,445.58,80.482,1456.8,12487,448,1117,2301,-1.9023,1.0425,0.36021
1103.1,1771.8,499.35,0.0073006,-507.01,-2085.3,4.9606e+05,428099,1,387.21,722.22,-102.3,-449.44,-490.96,-850.89,197.43,258.6,258.19,1464.2,12550,448,1117,2301,-1.885,1.0662,0.38097
1101.7,1732.5,470.65,0.41212,-479.14,-2051.1,5.4278e+05,426671,1,566.96,2006.2,-2624.8,549.53,2397,-3708.8,-842.61,-857.74,-1563.8,5910.1,302899,448,1117,2301,-1.8713,1.078,0.41418
1113.5,1749.6,490.38,-1.3447,-499.07,-2071.8,5.224e+05,426669,1,559.94,1246.5,-726.41,265.68,897.91,-1166.6,-640.85,-659.51,-1202.5,2631.4,233556,448,1058,2295,-1.8738,1.078,0.40269
1062.8,1731.7,384.3,35.465,-384.91,-2031.4,5.7131e+05,425245,1,1839.8,12693,-23640,6861.7,20081,-20705,-2752,-6070.7,3393.1,40723,347400,448,1117,2301,-1.8596,1.0897,0.43559
1125.3,1774.9,419.67,7.5475,-426.22,-2100.3,5.6336e+05,425243,1,1870.4,4897.1,-4316.7,4029.8,8305.1,-3603.8,-2676.8,-3692.1,-2226.5,13041,331396,448,1117,2301,-1.8622,1.0897,0.42418
1128.4,1764.6,448.28,1.7073,-456.07,-2092.8,5.4967e+05,425241,1,1182.6,2274.7,-665.31,2000.6,3436.8,-52.597,-1926.1,-2466.6,-2168.7,6109.8,304988,448,1058,2295,-1.8648,1.0897,0.41274
1047.5,1932.7,288.9,145.17,-264.99,-2196.5,5.7669e+05,423821,1,745.92,14936,-33581,6225.4,18007,-18361,-1363.4,-8405.4,14923,48442,349381,448,1117,2301,-1.8503,1.1014,0.44542
1026.7,1886.1,411.78,-0.71263,-416.62,-2146.5,5.2121e+05,438197,1,338.94,733.47,-189.51,-610.76,-916.35,-868.28,700.22,1293.9,269.11,2103.3,163825,448,1197,2302,-1.9392,0.98262,0.33036
1028.2,1897.5,407.01,-0.82479,-411.47,-2157.3,5.2089e+05,438195,1,332.93,714.54,-181.16,-611.74,-932.77,-844.3,697.76,1289.5,263.83,2103.3,163824,448,1197,2302,-1.9412,0.98262,0.31845
1037.8,1873,431.1,-0.63709,-436.12,-2140.3,5.2273e+05,436745,1,359.73,751.64,-158.83,-546.08,-794.7,-806.93,646.82,1180.8,232.98,2041.4,148512,448,1197,2302,-1.9332,0.99467,0.32934
1047.7,1842.3,452.91,-0.35246,-458.88,-2118.1,5.1491e+05,435299,1,393.85,805.78,-153.03,-425.09,-542.03,-773.61,440.27,807.06,99.885,1660.1,28365,448,1197,2302,-1.923,1.0067,0.35193
1048.6,1852.3,450.53,-0.38602,-456.08,-2127.3,5.1753e+05,435297,1,388.57,792.23,-143.06,-447.58,-597.45,-766.53,491.26,889.44,153.86,1732.1,128921,448,1197,2302,-1.9251,1.0067,0.34013
1060.2,1835.1,463.44,-0.12778,-469.48,-2118,5.0945e+05,433853,1,406.12,815.7,-143.45,-381.44,-462.83,-743.84,349.74,637.82,65.513,1515.7,13189,448,1197,2302,-1.9169,1.0187,0.35081
1072.6,1828.5,471.5,-0.042483,-477.58,-2118.5,5.077e+05,432409,1,405.57,797.76,-134.59,-376.41,-454.81,-715.52,269.4,489.03,31.79,1411.5,12138,448,1117,2301,-1.9107,1.0306,0.34968
1115.9,1758.8,500.12,-0.99944,-508.41,-2080.9,4.9506e+05,426667,1,487.66,897.18,-131.48,-79.323,100.06,-657.81,-299.78,-379.3,-380.4,1464.2,12548,448,1058,2295,-1.8762,1.078,0.39118
1114.2,1765.1,500.58,-0.12432,-508.23,-2085.5,4.9907e+05,426665,1,449.86,754.31,82.976,-230.29,-247.3,-436.99,-132.24,-249.26,61.202,1464.2,12547,448,1058,2295,-1.8786,1.078,0.37966
1094.8,1803,485.92,-0.066658,-492.54,-2107.8,5.1823e+05,429531,1,352.57,703.78,-207.73,-488.55,-584.36,-863.43,242.18,389.13,135.19,1488.9,12707,448,1117,2301,-1.8959,1.0544,0.35902
1103,1781.4,494.75,0.10748,-501.86,-2093.5,5.1754e+05,428097,1,330.23,642.88,-172.4,-529.8,-648.53,-836.67,211.43,280.91,270.23,1466.3,12562,448,1117,2301,-1.8873,1.0662,0.36939
1105.2,1793.4,491.59,-0.1479,-498.26,-2105.1,5.1965e+05,428095,1,323.57,652.14,-230.39,-539.99,-653.3,-903.5,213.81,318.69,181.09,1515.9,13191,448,1117,2301,-1.8895,1.0662,0.35781
1084.6,1821.3,478.14,-0.040345,-484.27,-2118.4,5.1193e+05,430967,1,393.21,765.47,-140.52,-401.62,-489.83,-728.33,234.96,416.23,38.902,1386.4,11975,448,1117,2301,-1.9044,1.0425,0.34854
1096.1,1813.5,484.25,-0.075522,-490.43,-2117.5,5.1547e+05,429529,1,378.77,735.32,-156.15,-433.78,-530.34,-763.33,224.27,383.46,64.498,1400.8,12056,448,1117,2301,-1.8981,1.0544,0.34738
1112.8,1771.6,497.62,-0.077495,-504.75,-2090.4,5.1953e+05,426663,1,343.26,611.05,-36.642,-453.36,-591.75,-582.55,-8.7824,-93.275,232.05,1464.2,12546,448,1101,2298,-1.8809,1.078,0.36813
1133.5,1766.6,473.9,-0.64744,-482.12,-2097.1,5.3107e+05,425239,1,779.9,1432.4,-258.2,911,1604.6,-124.73,-1362.6,-1776.2,-1496.8,3660.4,272889,448,1058,2295,-1.8673,1.0897,0.40129
1130.4,1763,489.29,-0.79327,-497.31,-2092.4,5.0876e+05,425237,1,617.06,926.25,372.36,378.85,484.91,457.51,-965.75,-1401.4,-694.38,2311.7,170088,448,1058,2295,-1.8697,1.0897,0.38983
1177.6,1927.4,296.73,31.609,-296.32,-2258.5,5.7042e+05,423819,1,2386.2,6320.9,-5812.9,5212.4,8806.3,-55.02,-4237.2,-6545,-1478.3,15721,334573,448,1117,2301,-1.853,1.1014,0.43406
1179.5,1876,346.35,10.874,-350.8,-2215.2,5.636e+05,423817,1,2063.2,3371.9,265.92,4354.8,6081.4,3253.8,-4176.3,-5674.8,-3515.6,12010,329897,448,1058,2295,-1.8556,1.1014,0.42268
1166.7,1829,396.81,4.3877,-403.11,-2168.3,5.5339e+05,423815,1,1634.5,2539.2,580.91,3265,4518.4,2633.2,-3408.3,-4566.3,-3139.2,9475.7,323027,448,1058,2295,-1.8582,1.1014,0.41129
1158,1799.5,435.14,0.58065,-442.41,-2138.4,5.3751e+05,423813,1,1111.8,1560,881.62,1960.2,2506.5,2212,-2735.5,-3862.5,-2055.5,6789.1,310746,448,1058,2295,-1.8607,1.1014,0.39988
1247.4,2036.4,178.97,18.586,-178.8,-2388,5.6841e+05,422397,1,1827.8,3413,-959.46,4160.6,6168.9,1911.4,-5798.4,-8743.6,-2235.5,13784,332458,448,1058,2295,-1.8464,1.1131,0.43251
1039.1,1883.7,426.85,-0.73364,-431.48,-2150.4,5.2284e+05,436743,1,348.5,729.26,-160.75,-569.88,-848.01,-818.47,675.55,1229.7,267.51,2103.3,163806,448,1197,2302,-1.9352,0.99467,0.31747
1040.3,1894.6,422.12,-0.7506,-426.36,-2160.6,5.2346e+05,436741,1,335.3,708.36,-178.15,-588.45,-884.95,-852.22,677.25,1238.6,266.23,2103.3,163815,448,1197,2302,-1.9371,0.99467,0.30559
1049.4,1862,447.61,-0.46382,-452.76,-2136.3,5.2004e+05,435295,1,385.48,779.24,-130.4,-453.31,-626.48,-736.24,505.04,914.53,159.06,1740.6,129878,448,1197,2302,-1.9272,1.0067,0.32831
1050.3,1871.8,444.21,-0.54109,-448.97,-2145.3,5.2175e+05,435293,1,370.09,752.88,-139.35,-493.19,-704.66,-767.07,563.85,1015.1,211.56,1855.9,142681,448,1197,2302,-1.9291,1.0067,0.31648
1060.8,1844.3,461.96,-0.16416,-467.57,-2126.4,5.1581e+05,433851,1,404.21,800.34,-119.57,-387.76,-498.68,-697.61,361.82,655.73,78.753,1507,13091,448,1197,2302,-1.919,1.0187,0.33904
1073.1,1837.2,470.56,-0.066521,-476.23,-2126.3,5.1379e+05,432407,1,411.37,799.09,-108.35,-364.23,-457.83,-665.36,279.39,505.67,40.784,1392.8,12013,448,1197,2302,-1.9128,1.0306,0.33795
1085.2,1830.3,477.4,-0.054822,-483.11,-2126.5,5.1083e+05,430965,1,404.77,778.34,-117.4,-374.49,-465.68,-677.72,233.53,418.22,28.083,1352.8,11761,448,1117,2301,-1.9065,1.0425,0.33684
1124.2,1758.8,493.63,-0.56601,-501.2,-2085.6,5.0583e+05,425235,1,355.19,511.99,286.01,-296.65,-524.33,35.666,-524.24,-903.16,19.481,1464.2,12549,448,1101,2298,-1.872,1.0897,0.37835
1107,1804.7,489.62,-0.18384,-495.83,-2115.7,5.174e+05,428093,1,345.89,677.88,-196.63,-496.14,-606.64,-841.3,181.99,289.75,103.02,1437.9,12281,448,1101,2298,-1.8917,1.0662,0.34621
1114.8,1782.8,495.09,-0.43111,-501.8,-2101.1,5.198e+05,426661,1,283.02,573.12,-236.99,-582.32,-722.8,-889.68,45.583,30.621,151.79,1464.2,12545,448,1101,2298,-1.8831,1.078,0.35658
1097,1823.1,483.19,-0.044883,-488.92,-2126.4,5.1424e+05,429527,1,388.48,743.49,-141.16,-409.56,-504.31,-729.11,199.28,344.51,43.444,1355.6,11771,448,1101,2298,-1.9002,1.0544,0.33572
1120.8,1760.4,493.25,-0.70977,-500.38,-2085.3,5.2195e+05,425233,1,199.69,324.03,56.28,-584.16,-905.63,-297.22,-518.77,-912.84,76.878,1583.1,14254,448,1101,2298,-1.8743,1.0897,0.36685
1143.3,1771.3,457.06,-0.72027,-464.49,-2106.6,5.186e+05,423811,1,601.11,631.25,1096.2,779.75,617.07,1984,-2171.8,-3320.6,-968.99,4854.8,292792,448,1058,2295,-1.8631,1.1014,0.38845
1130.1,1750.4,467.65,-1.7694,-474.98,-2081.8,5.1602e+05,423809,1,240.39,91.76,923.85,-63.634,-588.94,1399.3,-1805.7,-2960,-256.59,3913.7,280615,448,1101,2298,-1.8655,1.1014,0.37702
1234.9,1981.9,239.9,10.779,-242.32,-2334.9,5.6435e+05,422395,1,2144.2,3089.4,1266.5,4957.7,6487.8,4637.9,-6032,-8414.7,-4216.8,15129,333974,448,1058,2295,-1.849,1.1131,0.42117
1207.5,1905.5,305.83,4.741,-310.38,-2255.3,5.5735e+05,422393,1,1836.8,2364.2,1883.9,4148.9,5033.9,5066.1,-5409.2,-7563.7,-3854.1,13493,332062,448,1058,2295,-1.8516,1.1131,0.40982
1181.4,1842.8,355.96,1.1902,-361.73,-2188,5.4428e+05,422391,1,1224.9,1234,2260.8,2776.1,2896.6,4822.5,-4653.9,-6837,-2509.2,11054,327976,448,1058,2295,-1.854,1.1131,0.39845
1150.1,1782.2,385.67,-0.98123,-391.97,-2120,5.2846e+05,422389,1,524.21,-12.388,2556.6,1323.5,571.25,4701.4,-4158.9,-6558.2,-1040,9611.5,323449,448,1058,2295,-1.8565,1.1131,0.38707
1042.1,1906.5,417.44,-0.70895,-421.31,-2172,5.2364e+05,436739,1,324.7,689.48,-194.78,-602.26,-910.98,-890.93,666.77,1212.4,292.67,2103.3,163818,448,1197,2302,-1.9389,0.99467,0.2937
1051.2,1882,440.33,-0.5892,-444.7,-2154.8,5.2376e+05,435291,1,354.07,728.72,-161.43,-534.58,-779.17,-824.42,616.01,1103,270.43,1981,146793,448,1197,2302,-1.931,1.0067,0.30463
1061.3,1853.2,460.09,-0.2266,-465.3,-2134.5,5.1904e+05,433849,1,396.41,784.2,-114.52,-410.67,-552.53,-696.41,411.13,738.27,119.2,1572.4,14103,448,1197,2302,-1.921,1.0187,0.32726
1061.8,1862.2,457.61,-0.26989,-462.44,-2142.6,5.2117e+05,433847,1,390.77,775.37,-122.38,-427.11,-583.04,-722.62,439.93,784.71,150.42,1626.5,23908,448,1197,2302,-1.923,1.0187,0.31547
1062.7,1871.9,454.83,-0.29613,-459.28,-2151.6,5.2266e+05,433845,1,379.84,758.44,-136.79,-455.91,-636.9,-754.55,480.51,851.84,191.55,1707.1,31031,448,1197,2302,-1.9249,1.0187,0.30366
1073.4,1845.6,469.38,-0.11363,-474.65,-2133.9,5.1695e+05,432405,1,409.53,794.37,-105.52,-368.95,-475.57,-659.2,295.77,532.56,54.487,1407.4,12100,448,1197,2302,-1.9148,1.0306,0.32621
1085.5,1838.4,476.76,-0.10701,-482.08,-2133.8,5.1264e+05,430963,1,411.46,783.79,-94.128,-360.38,-466.15,-625.83,249.33,448.84,28.309,1340.1,11694,448,1197,2302,-1.9086,1.0425,0.32514
1097.5,1831.7,482.63,-0.042897,-487.97,-2134.1,5.1303e+05,429525,1,408.22,766.99,-96.219,-361.53,-459.21,-630.61,196.68,351.72,12.421,1290.7,11462,448,1101,2298,-1.9022,1.0544,0.32406
1108.3,1815.1,488.25,-0.13664,-494.02,-2125.4,5.1721e+05,428091,1,369.78,706.02,-155.76,-448.22,-556.65,-761.45,169.9,280.99,67.008,1364.7,11841,448,1101,2298,-1.8938,1.0662,0.33459
1117,1794.7,493.21,-0.43468,-499.46,-2112.4,5.1899e+05,426659,1,302.23,601.65,-227.08,-559.68,-691.22,-897.05,73.203,88.449,126.49,1459.4,12508,448,1101,2298,-1.8852,1.078,0.34502
1118.8,1805.9,491.85,-0.35257,-497.66,-2123,5.1998e+05,426657,1,337.26,653.99,-204.26,-489.53,-591.75,-856.89,76.653,113.81,68.379,1389.5,11985,448,1101,2298,-1.8873,1.078,0.33345
1122.5,1769.8,492.85,-1.2017,-499.61,-2094.2,5.2313e+05,425231,1,126.31,293.8,-230.58,-768.92,-1046.7,-849.2,-380.73,-687.97,111.1,1787.1,134881,448,1101,2298,-1.8765,1.0897,0.35535
1125.6,1783.3,492.35,-0.95182,-498.63,-2107.4,5.2402e+05,425229,1,182.95,426.99,-350.71,-668.18,-784.25,-1164.5,-336.79,-610.75,107.78,1804,136750,448,1101,2298,-1.8787,1.0897,0.34382
1109.1,1824.3,487.36,-0.096109,-492.72,-2133.7,5.1779e+05,428089,1,385.24,721.1,-120.61,-412.49,-523.66,-687.54,155.63,265.95,35.344,1302.4,11510,448,1101,2298,-1.8958,1.0662,0.32297
1123,1742.8,471.61,-2.48,-478.68,-2071.7,5.2508e+05,423807,1,-122.06,-302.53,291.71,-826.03,-1457.3,167.1,-1579.6,-2684.2,45.682,3567.6,270075,448,1101,2298,-1.8677,1.1014,0.36556
1123.9,1750.3,473.69,-2.8189,-480.41,-2078.5,5.2786e+05,423805,1,-194.7,-270.82,-178.64,-988.7,-1404.3,-854.84,-1435.5,-2509.3,247.77,3498.9,267972,448,1101,2298,-1.8699,1.1014,0.3541
1124.8,1735.1,402.61,-3.7192,-409.26,-2066.5,5.2556e+05,422387,1,-317.15,-1121.4,1761.5,-330.56,-1571.3,3014.3,-3862.2,-6343.3,-263.32,8446.8,319271,448,1101,2298,-1.8588,1.1131,0.37567
1111.4,1715,409.49,-4.7115,-416.01,-2042.3,5.2782e+05,422385,1,-857.15,-1756.8,1003.3,-1288.7,-2464.5,944.66,-3916.1,-6876.4,1072.5,8787.8,320544,448,1101,2298,-1.8611,1.1131,0.36426
1247,1997.2,162.01,5.3435,-163.87,-2354.4,5.5904e+05,420975,1,1461.9,1116.6,3572.4,4278.4,4165.3,7910,-7967,-11539,-4137.3,18114,336693,448,1058,2295,-1.8449,1.1247,0.40834
1196.6,1890.1,221.08,1.3854,-224.52,-2236.7,5.4985e+05,420973,1,1132,551.28,3723.4,3276.9,2812.9,7302.2,-6726.7,-10209,-2393,15576,334445,448,1058,2295,-1.8473,1.1247,0.39701
1140.7,1786.3,252.77,-1.6069,-257.04,-2119,5.3812e+05,420971,1,356.73,-1133,5001.3,2082.3,369.07,8859.5,-7093,-11384,-714.05,17023,335697,448,1058,2295,-1.8497,1.1247,0.38567
1094.9,1701.2,269.03,-6.3157,-274.1,-2022.5,5.3551e+05,420969,1,-876.9,-2654.2,3623,-272.42,-2462.4,6006.8,-6543.3,-11019,763.05,15099,333949,448,1101,2298,-1.8521,1.1247,0.37431
1043.9,1918.4,412.45,-0.66943,-415.96,-2183.4,5.2433e+05,436737,1,314.23,675.26,-219.94,-617.72,-941.03,-932.93,657.48,1195.7,306.71,2103.3,163817,448,1197,2302,-1.9407,0.99467,0.28179
1052.5,1892.8,435.67,-0.62487,-439.67,-2165,5.2626e+05,435289,1,351.5,723.08,-170.04,-532.37,-777.6,-836.29,609.52,1086.4,284.15,1973.6,146588,448,1197,2302,-1.9329,1.0067,0.29278
1054.2,1904.1,430.88,-0.71061,-434.53,-2175.7,5.2716e+05,435287,1,333.48,694.73,-193.79,-571.61,-854.51,-877.25,640.36,1145.9,305.41,2067.4,149020,448,1197,2302,-1.9346,1.0067,0.28091
1073.9,1854.1,468.1,-0.18547,-472.99,-2141.5,5.1759e+05,432403,1,401.29,777.94,-103.48,-394.44,-532.66,-659.02,337.67,602.3,86.616,1461.1,12527,448,1197,2302,-1.9168,1.0306,0.31445
1063.8,1882,451.41,-0.32112,-455.48,-2161,5.2483e+05,433843,1,363.38,734.46,-161.56,-497.5,-710.56,-812.7,542.1,956.76,249.46,1839,141593,448,1197,2302,-1.9267,1.0187,0.29185
1074.4,1862.7,466.19,-0.26715,-470.71,-2149.3,5.2096e+05,432401,1,386.87,749.23,-102.35,-432.53,-613.32,-652.94,371.59,659.34,109.66,1515.2,13185,448,1197,2302,-1.9187,1.0306,0.30268
1075,1871.5,463.79,-0.39436,-467.95,-2157.4,5.2227e+05,432399,1,369.17,723.09,-121.54,-480.78,-698.29,-704.69,430.87,754.65,176.42,1635.7,25300,448,1197,2302,-1.9205,1.0306,0.29091
1085.7,1846.2,475.97,-0.20188,-480.91,-2140.6,5.1572e+05,430961,1,412.08,778.49,-81.374,-354.79,-470.33,-594.23,248.11,447.2,24.053,1320.9,11594,448,1197,2302,-1.9105,1.0425,0.31342
1097.7,1839.4,482.3,-0.073079,-487.25,-2140.9,5.144e+05,429523,1,412.77,765.67,-67.777,-347.27,-459.47,-569.24,200.55,361.12,5.5204,1260,11298,448,1197,2302,-1.9042,1.0544,0.31238
1109.4,1832.3,486.82,-0.086622,-491.78,-2140.8,5.1749e+05,428087,1,404.38,742.28,-72.643,-365.71,-481.06,-580.65,150.74,267.18,5.7839,1231.4,11153,448,1101,2298,-1.8978,1.0662,0.31133
1120,1815.9,490.95,-0.27081,-496.34,-2132.2,5.2221e+05,426655,1,377.25,703.49,-141.05,-408.6,-496.39,-736.28,85.881,134.69,55.236,1281.1,11412,448,1101,2298,-1.8893,1.078,0.32186
1128.6,1796.8,491.84,-0.52775,-497.63,-2120.5,5.2886e+05,425227,1,303.54,627.75,-344.88,-388.12,-311.1,-1185.8,-367.65,-658.73,94.571,1684.3,29865,448,1101,2298,-1.8808,1.0897,0.33229
1130.9,1808.9,491.53,-0.15456,-496.87,-2132.1,5.3579e+05,425225,1,407.84,781.12,-260.14,-207.06,-68.124,-998.23,-241.54,-430.8,56.788,1461.3,12528,448,1101,2298,-1.8828,1.0897,0.32074
1129.8,1769.3,474.48,-1.7641,-480.63,-2097.9,5.2701e+05,423803,1,-267.52,-258.99,-615.51,-911.05,-943.93,-1929.7,-1862,-3295.3,471.26,4528.8,289440,448,1101,2298,-1.8721,1.1014,0.34261
1137,1791.8,474.69,-0.079737,-480.18,-2120.9,5.2546e+05,423801,1,39.214,297.03,-755.78,-332.8,84.348,-2161.1,-1777.1,-3124.6,380.79,4302.9,287215,448,1101,2298,-1.8741,1.1014,0.33112
1120.6,1824.6,490.23,-0.14831,-495.21,-2140.1,5.2682e+05,426653,1,400.5,732.66,-101.1,-357.53,-437.71,-658.51,89.544,150.44,25.394,1221.4,11108,448,1101,2298,-1.8913,1.078,0.31026
1110.3,1723,406.66,-3.4077,-412.55,-2048.5,5.265e+05,422383,1,-1178.6,-1886,-261.65,-1708.2,-2357.6,-1589.8,-4137.2,-7290.3,1194.8,9365.4,322707,448,1101,2298,-1.8633,1.1131,0.35283
1065.5,1656.9,263.61,-7.5493,-268.54,-1969.3,5.2799e+05,420967,1,-3192.5,-6611.5,4266.2,-3826.8,-7958.7,5199.7,-8427.4,-15680,5764.6,22962,339981,448,1101,2298,-1.8543,1.1247,0.36294
1053.9,1662.6,227.03,-3.1197,-230.49,-1968,5.1435e+05,420965,1,-3809.1,-6407.9,410.42,-5019,-7782.7,-1568.7,-8750.8,-15808,4376.9,22127,339474,448,1101,2298,-1.8565,1.1247,0.35155
1192.2,1927.3,13.543,0.38515,-13.697,-2266.2,5.5528e+05,419557,1,549.61,-1144.2,5850.3,3143.4,1408.6,10580,-9274.6,-14427,-1706.3,21371,339013,448,1058,2295,-1.8406,1.1362,0.39555
1107.8,1778.1,42.264,-2.2448,-43.322,-2094.9,5.4782e+05,419555,1,-394.3,-3239.3,7715.2,1733.7,-1528.8,12855,-9465.1,-15612,860.05,23975,340558,448,1101,2298,-1.8429,1.1362,0.38425
1023,1630.9,41.636,-8.6866,-43.743,-1925.1,5.4227e+05,419553,1,-2199.8,-6242.4,8185.2,-1283.1,-6075.5,12208,-9288.2,-16751,5148.9,26302,341813,448,1101,2298,-1.8453,1.1362,0.37294
1056,1915.6,425.73,-0.80946,-429.05,-2186.7,5.2765e+05,435285,1,315.24,661.15,-207.16,-600.99,-919.94,-893.35,645.51,1155,327.26,2103.3,163808,448,1197,2302,-1.9363,1.0067,0.26904
1065.1,1892.6,447.43,-0.3581,-451.15,-2170.9,5.2684e+05,433841,1,355.77,716.04,-158.39,-515.76,-754.83,-798.94,538.63,948.71,255.38,1842.2,141928,448,1197,2302,-1.9285,1.0187,0.28002
1066.5,1903.3,443.03,-0.41305,-446.42,-2181.1,5.2833e+05,433839,1,339.05,687.19,-172.12,-554.48,-831.51,-825.19,577.56,1016.9,291.47,1936.3,145333,448,1197,2302,-1.9302,1.0187,0.26818
1085.8,1853.7,475.03,-0.36627,-479.61,-2147.3,5.1567e+05,430959,1,403.4,760.09,-72.002,-371.62,-513.72,-577.55,276.8,494.39,45.519,1343.3,11706,448,1197,2302,-1.9124,1.0425,0.30169
1086,1861.2,473.77,-0.55823,-478.01,-2153.9,5.1658e+05,430957,1,385.29,731.57,-82.751,-417.56,-599.33,-603.76,325.19,572.24,93.726,1425,12207,448,1197,2302,-1.9142,1.0425,0.28995
1075.8,1880.6,460.8,-0.54924,-464.62,-2165.7,5.2298e+05,432397,1,347.38,682.29,-127.29,-532.3,-799.98,-718.47,472.71,825.35,212.32,1729.6,128618,448,1197,2302,-1.9223,1.0306,0.27912
1086.2,1868.9,472.02,-0.7154,-475.94,-2160.8,5.173e+05,430955,1,367.78,694.63,-72.839,-454.08,-675.78,-591.8,353.33,618.51,115.03,1468.6,12572,448,1099,2296,-1.916,1.0425,0.2782
1097.6,1846.5,481.85,-0.13326,-486.44,-2147,5.2102e+05,429521,1,412.08,758.55,-47.428,-346.58,-475.28,-529.88,210.3,377.74,10.369,1249.5,11247,448,1197,2302,-1.9061,1.0544,0.30069
1109.2,1839.1,486.64,-0.18294,-491.25,-2146.6,5.1438e+05,428085,1,409.62,742.21,-40.819,-349.88,-480.1,-509.45,151.36,271.8,-5.4075,1195.7,10991,448,1101,2298,-1.8996,1.0662,0.29968
1143.3,1813,474.6,1.6283,-479.46,-2142.3,5.2237e+05,423799,1,367.4,832.5,-709.69,293.83,1064.2,-1952.6,-1770.2,-3060.5,203.83,4348,287674,448,1101,2298,-1.8761,1.1014,0.31962
1132.4,1819.7,491.29,0.2297,-496.19,-2142.2,5.4254e+05,425223,1,493.21,899.83,-163.37,-44.403,149.97,-812.86,-194.33,-347.5,51.202,1387.8,11980,448,1101,2298,-1.8847,1.0897,0.30919
1149.2,1832.1,476.02,2.8842,-480.35,-2161.7,5.1294e+05,423797,1,671.52,1292.5,-530.79,660.7,1465.5,-1223.8,-1461.4,-2387.9,-338.26,3799.7,277487,448,1101,2298,-1.8781,1.1014,0.3081
1122.3,1760.2,397.28,0.57355,-402.07,-2086.6,5.1803e+05,422381,1,-1271.1,-1782,-1101.2,-1517.9,-1459.5,-3499.4,-5080.2,-9121.7,2059.7,11659,329314,448,1101,2298,-1.8654,1.1131,0.34139
1144.1,1812.4,393.08,4.7453,-396.87,-2142.6,5.0124e+05,422379,1,-905.03,-1006.7,-1682.8,-1003.6,-735.32,-3131.5,-5889.1,-10037,646.28,12323,330379,448,1101,2298,-1.8675,1.1131,0.32994
1120.6,1832.2,489.8,-0.047787,-494.39,-2146.6,5.3148e+05,426651,1,435.56,779.31,-54.98,-268.99,-315.8,-566.83,76.069,133.82,-0.066858,1147.7,10710,448,1101,2298,-1.8931,1.078,0.29865
933.97,1503.6,-25.386,-11.924,23.749,-1770.1,5.2748e+05,419551,1,-3810.9,-8763.4,8065.8,-3893.8,-9751.2,10726,-9255.4,-18369,10475,30240,343648,448,1101,2298,-1.8475,1.1362,0.36161
857.03,1405,-154.78,-19.596,153.62,-1645.7,4.9877e+05,419549,1,-7655.5,-15054,8438.5,-9891.2,-19990,12673,-12105,-23707,12961,43486,348139,448,1101,2298,-1.8497,1.1362,0.35026
1070.7,1720.5,176.69,2.3194,-178.48,-2026.3,4.898e+05,420963,1,-6478,-10717,203.03,-9982,-16774,1251.5,-12181,-21592,5006.5,34338,345311,448,1101,2298,-1.8586,1.1247,0.34016
1157.5,1935.3,-248.8,0.34983,252.95,-2254.6,5.5754e+05,418143,1,-66.677,-2817.2,7937.4,2868.6,49.149,13252,-11079,-17761,242.55,26325,341825,448,1058,2295,-1.8337,1.1478,0.39408
1057.9,1764.8,-226.34,-1.5634,229.57,-2057.2,5.5635e+05,418141,1,-160.15,-3668.8,10302,2645.7,-1282.4,16621,-10938,-18000,1614.1,29168,343156,448,1058,2295,-1.8361,1.1478,0.38282
938.04,1567.9,-233.43,-5.2812,235.93,-1826.8,5.4947e+05,418139,1,-728.33,-5022.9,11955,1478.4,-3454.3,18033,-9759,-17349,5354.1,30543,343777,448,1058,2295,-1.8384,1.1478,0.37155
789.29,1349.7,-315.47,-7.8945,318.48,-1562.9,5.3235e+05,418137,1,-2988.6,-9138,13767,-2245,-9564.8,18907,-8812.4,-18456,13686,36628,346103,448,1101,2298,-1.8406,1.1478,0.36026
1058,1927.3,420.67,-0.92157,-423.68,-2198,5.2679e+05,435283,1,306.06,643.08,-216.2,-604.49,-933.33,-903.43,635.49,1139,324.99,2100.8,163742,448,1197,2302,-1.9379,1.0067,0.25715
1060.3,1939.1,416.2,-1.0342,-418.93,-2209.5,5.2499e+05,435281,1,294.07,624.08,-234.55,-623.08,-976.92,-928.29,614.64,1111.6,304.3,2103.3,163807,448,1197,2302,-1.9395,1.0067,0.24525
1068.1,1914.4,438.24,-0.46247,-441.3,-2191.6,5.2984e+05,433837,1,325.98,668.08,-193.39,-575.02,-869.95,-875.99,619.56,1090.7,341.55,2033.5,148306,448,1197,2302,-1.9318,1.0187,0.25633
1076.8,1890,457.32,-0.69806,-460.83,-2174.5,5.2314e+05,432395,1,333.65,660.73,-146.02,-560.18,-849.92,-756.34,497.07,866.37,239.65,1797.9,136034,448,1197,2302,-1.9239,1.0306,0.26732
1078.1,1900.3,453.51,-0.77833,-456.69,-2184.2,5.2302e+05,432393,1,324.53,650.85,-179.66,-581.5,-880.15,-833.92,531.59,927.92,265.81,1893.1,144168,448,1099,2296,-1.9255,1.0306,0.25551
1097.3,1853.1,481.28,-0.26639,-485.53,-2152.7,5.2211e+05,429519,1,398.46,730.33,-33.803,-375.34,-544.28,-491.63,239.65,427.97,22.661,1270.1,11344,448,1099,2296,-1.9079,1.0544,0.28899
1086.7,1877.4,469.5,-0.75865,-473.07,-2168.4,5.1753e+05,430953,1,336.47,652.81,-126.83,-533.45,-798.02,-726.55,427.44,736.95,202.61,1664.8,28672,448,1099,2296,-1.9176,1.0425,0.26644
1096.9,1859.4,480.41,-0.46682,-484.34,-2158,5.2015e+05,429517,1,375.65,683.51,-15.195,-430.04,-662.22,-440.44,278.59,497.04,27.111,1323.4,11605,448,1099,2296,-1.9096,1.0544,0.27728
1096.7,1865.7,479.12,-0.76943,-482.74,-2163.4,5.1607e+05,429515,1,340.25,630.1,-49.893,-516.4,-812.98,-492.32,349.03,617.13,64.745,1480.6,12663,448,1099,2296,-1.9113,1.0544,0.26556
1108.6,1844.7,486.79,-0.40613,-491.07,-2151.2,5.1952e+05,428083,1,414.41,735.53,6.8666,-317.87,-455.25,-410.01,134.76,248.99,-32.445,1127.1,10638,448,1101,2298,-1.9014,1.0662,0.28802
1162,1851,397.61,6.5936,-400.88,-2184.9,4.808e+05,422377,1,-431.74,-492.62,-763.99,-1263.7,-1880.3,-717.31,-4795.5,-7794.7,-854.37,9546.9,323264,448,1101,2298,-1.8694,1.1131,0.31847
1133.2,1828.8,491.19,0.51112,-495.68,-2150.4,5.4751e+05,425221,1,576.14,1042.3,-172.58,152.76,479.8,-799.79,-266.57,-452.54,-17.86,1617.9,22651,448,1101,2298,-1.8866,1.0897,0.29762
1152.7,1844.7,479.83,3.1691,-483.82,-2174.3,4.9949e+05,423795,1,801.87,1427.4,-213.35,596.2,1220.2,-750.81,-836.99,-1384.8,-146.62,2788.1,239744,448,1101,2298,-1.8799,1.1014,0.29657
1174.4,1869.3,414.45,4.6289,-417.89,-2206.9,4.5494e+05,422375,1,-1111.3,-1947.1,387.19,-3764.2,-6985.4,2669.3,-3957,-5963.6,-2463.8,11513,329043,448,1101,2298,-1.8714,1.1131,0.307
1179.5,1870.5,440.69,1.2816,-444.55,-2210.6,4.2499e+05,422373,1,-649.84,-1068.1,-4.0156,-3245.7,-5512.6,401.04,-2100.2,-3217.2,-1198.7,7671.1,315408,448,1101,2298,-1.8732,1.1131,0.29551
1112.8,1786,168.41,-2.9582,-170.77,-2104.1,4.5478e+05,420961,1,-6992.7,-11070,-1475.5,-12854,-20980,-466.16,-12344,-20631,828.68,36850,346167,448,1101,2298,-1.8607,1.1247,0.32874
1132.6,1783,207.56,-17.495,-212.31,-2111.8,4.198e+05,420959,1,-8504,-14664,2398.2,-18275,-33223,11277,-10747,-16038,-6153.2,47630,349169,448,1101,2298,-1.8627,1.1247,0.31732
1120,1838.5,489.76,-0.00070629,-493.99,-2151.8,5.3377e+05,426649,1,450.13,789.56,5.7042,-230.29,-285.62,-449.75,77.03,140.25,-16.956,1090.3,10483,448,1101,2298,-1.8949,1.078,0.28703
1133,1835.9,491.13,0.6706,-495.25,-2156.4,5.5017e+05,425219,1,573.74,999.35,-20.354,77.106,258.48,-486.27,-113.37,-185.53,-32.944,1298.4,11499,448,1101,2298,-1.8884,1.0897,0.28603
805.02,1295.6,-275.17,-50.87,270.57,-1525.3,4.64e+05,419547,1,-12008,-21009,4886.4,-16837,-31635,14197,-15659,-27729,7278.7,56235,350956,448,1101,2298,-1.8518,1.1362,0.33891
573.93,1054.5,-540.95,-16.396,545.26,-1198.5,5.037e+05,418135,1,-3633.8,-11414,18192,-2548.7,-12694,28111,-7187.7,-16748,16991,45311,348621,448,1101,2298,-1.8428,1.1478,0.34896
408.36,723.1,-696.97,-72.204,694.12,-829.69,4.6739e+05,418133,1,-9278.4,-18625,12433,-10076,-25096,30045,-8640.2,-14639,2139,50150,349762,448,1101,2298,-1.8449,1.1478,0.33765
795.92,1152.4,-255.07,-113.57,240.84,-1398.4,4.3682e+05,419545,1,-14165,-24446,4754.2,-23232,-43434,19304,-14810,-22360,-6427,66184,352846,448,1101,2298,-1.8539,1.1362,0.32754
1109.4,1936.7,-544.96,2.0411,554.23,-2229.6,5.5653e+05,416733,1,-360.22,-3575.7,8947.8,3049.1,-119.4,14613,-12806,-20588,1315.8,30090,343594,448,1058,2295,-1.8268,1.1593,0.39259
1000.8,1751.5,-526.56,-0.46057,534.58,-2015.2,5.5641e+05,416731,1,-127.03,-3701.5,10624,3269.5,-507.61,17202,-12493,-20163,1329.9,31589,344209,448,1058,2295,-1.8292,1.1593,0.38138
861.7,1519.8,-520.18,-4.0327,527.02,-1745,5.5893e+05,416729,1,-70.025,-4372.5,13304,3153.6,-1611.8,20552,-11935,-19959,3517.9,34413,345337,448,1058,2295,-1.8315,1.1593,0.37015
684.79,1257,-569.96,-1.4155,577.47,-1428.4,5.5285e+05,416727,1,151.23,-5026.3,17010,2409.1,-3735.8,24369,-8185.3,-15571,8541.2,36203,345945,448,1058,2295,-1.8337,1.1593,0.3589
1070,1925.7,432.99,-0.46754,-435.74,-2202.5,5.3071e+05,433835,1,315.68,651.06,-215.49,-591,-900.65,-912.68,614.42,1086.9,327.97,2056.7,148799,448,1197,2302,-1.9333,1.0187,0.24448
1072.3,1938,428.06,-0.45313,-430.52,-2214.4,5.2928e+05,433833,1,311.66,650.4,-255.03,-592.41,-898.54,-983.41,621.3,1104.3,328.26,2103.3,163804,448,1099,2296,-1.9348,1.0187,0.23261
1080,1911.5,449.41,-0.76936,-452.29,-2194.9,5.2252e+05,432391,1,318.06,646.73,-221.47,-606.33,-923.04,-899.99,582.49,1027.3,266.59,2015.9,147839,448,1099,2296,-1.9271,1.0306,0.24369
1087.9,1887.3,466.41,-0.7303,-469.65,-2177.7,5.1489e+05,430951,1,305.19,593.57,-135.52,-623.2,-982.52,-662.23,448.31,793.29,123.63,1761.2,132099,448,1099,2296,-1.9192,1.0425,0.25467
1089.8,1898.2,463.56,-0.82476,-466.51,-2188.2,5.0823e+05,430949,1,286.35,576.07,-201.3,-690.24,-1080,-816.29,520.28,916.3,184.58,1976.8,146658,448,1099,2296,-1.9208,1.0425,0.24289
1107.6,1849.5,487,-0.68716,-490.98,-2154.8,5.2144e+05,428081,1,402.63,715.04,17.823,-344.9,-522.51,-362.63,173.19,318.23,-30.83,1153,10742,448,1099,2296,-1.9032,1.0662,0.27634
1106.5,1853.6,487.38,-1.1149,-491.08,-2157.9,5.1761e+05,428079,1,387.95,681.7,42.589,-339.55,-530.57,-307.07,167.25,314.32,-60.109,1112.9,10590,448,1099,2296,-1.9048,1.0662,0.26466
1096.8,1871.7,477.94,-1.4714,-481.32,-2168.7,5.1209e+05,429513,1,291.08,531.24,-14.411,-607.99,-1023.3,-324.74,393.33,716.39,-16.162,1599.2,14531,448,1099,2296,-1.9129,1.0544,0.25382
1105.4,1856.8,488.65,-1.8038,-492.12,-2160.1,5.234e+05,428077,1,353.85,616.94,70.019,-412.2,-685.31,-227.17,239.73,444.38,-55.771,1208.3,11054,448,1099,2296,-1.9064,1.0662,0.25297
1118.9,1843.5,489.92,-0.00063547,-493.81,-2155.5,5.2868e+05,426647,1,449.55,779.21,44.905,-211.85,-281.82,-358.12,70.204,130.45,-25.595,1042.3,10250,448,1101,2298,-1.8967,1.078,0.2754
1123.8,1714.5,277.94,-37.398,-285.92,-2048.5,3.9974e+05,420957,1,-7370.5,-12942,2930,-18291,-33016,10559,-6185.2,-8929.3,-4955.5,43693,348185,448,1101,2298,-1.8646,1.1247,0.30589
1151.8,1847.6,484.08,2.5191,-487.87,-2176.3,4.862e+05,423793,1,840.31,1404.4,111.65,555.71,947.11,-1.5991,-660.54,-974.06,-577.02,2369.6,184231,448,1101,2298,-1.8817,1.1014,0.28503
1077.3,1557.8,370.07,-68.065,-382.63,-1890.3,4.0023e+05,420955,1,-10618,-19519,7621.8,-27636,-51273,21521,-917.41,1503.4,-11707,67437,353085,448,1101,2298,-1.8664,1.1247,0.29444
1176.7,1865.4,463.22,0.67905,-467.04,-2204.7,4.0309e+05,422371,1,-2911.8,-5443.5,2266.3,-9757.2,-17947,6349.7,-1098.5,-1057.6,-3065.2,22641,339773,448,1101,2298,-1.875,1.1131,0.28401
750.73,906.71,-100.74,-179.57,75.71,-1165.3,4.2221e+05,419543,1,-15822,-27974,7772.9,-28609,-54761,28895,-11714,-14682,-16200,79754,354981,448,1101,2298,-1.8558,1.1362,0.31616
680.29,605.27,159.32,-239.9,-194.45,-871.3,4.158e+05,419541,1,-16951,-30111,9009.4,-33209,-62146,29113,-5236.1,-1851.9,-25196,88054,356090,448,1101,2298,-1.8577,1.1362,0.30476
1131.8,1841,491.03,0.72708,-494.81,-2160.2,5.4711e+05,425217,1,583.66,988.72,83.853,63.489,171.2,-251,-92.477,-146.11,-49.783,1205.8,11041,448,1101,2298,-1.8901,1.0897,0.27444
458.03,949.36,-689.81,9.0298,700.05,-1047.3,5.2754e+05,416725,1,-125.99,-6046,19445,2233.4,-5680.3,30793,-3308.1,-8404.8,10557,39915,347153,448,1101,2298,-1.8359,1.1593,0.34764
343.47,409.6,-572.81,-159.71,555.26,-529.19,4.4351e+05,418131,1,-13792,-24885,9395.7,-18041,-38343,32576,-9423.6,-10201,-17847,65315,352682,448,1101,2298,-1.847,1.1478,0.32632
220.18,542.84,-771.95,-15.946,778.68,-576.6,4.8035e+05,416723,1,578.4,-4916.3,20026,6967.5,-418.5,39463,-4506.5,-5951.4,-4211.2,45881,348739,448,1101,2298,-1.838,1.1593,0.33637
8.8196,-60.246,-576.82,-124.42,564.63,46.272,4.4645e+05,416721,1,-5295.4,-13461,17847,2332.3,-9162,45408,-6984.3,-5368.3,-20446,56344,350986,448,1101,2298,-1.84,1.1593,0.32509
250.63,56.987,-254.71,-217.48,225.89,-180.6,4.3413e+05,418129,1,-16800,-30566,12746,-24188,-49406,37965,-7762.1,-4628.1,-28921,82246,355332,448,1101,2298,-1.8489,1.1478,0.31498
934.87,1743.7,-878.46,1.8945,892.2,-1972.4,5.5679e+05,415325,1,-329.21,-4263,11580,3706.9,-268.77,18635,-14444,-23050,1774.8,35447,345685,448,1058,2295,-1.8222,1.1707,0.37992
790.93,1501.2,-858.34,-0.91929,870.51,-1690.6,5.5924e+05,415323,1,56.456,-4498.2,14656,3923,-1146.6,23184,-13717,-21991,2000.3,38275,346631,448,1058,2295,-1.8245,1.1707,0.36873
616.44,1213.3,-844.11,-3.36,854.94,-1354.2,5.6073e+05,415321,1,340.4,-4380.9,16095,3882.3,-1638.2,25179,-12715,-20286,1533.9,38803,346793,448,1058,2295,-1.8267,1.1707,0.35753
428.63,919.77,-836.93,1.3753,847.73,-1005.7,5.5933e+05,415319,1,1510.8,-2991.9,18127,4686.8,-890.01,27794,-9517.1,-15714,2989.3,38491,346699,448,1101,2298,-1.8288,1.1707,0.34631
1082.4,1923.7,445.17,-0.74713,-447.74,-2206.8,5.2086e+05,432389,1,303.28,622,-242.95,-653.33,-1014.9,-929.13,622.48,1101.2,287.04,2130.8,164575,448,1099,2296,-1.9285,1.0306,0.23186
1091.8,1908.4,461.06,-1.239,-463.76,-2198.1,5.023e+05,430947,1,223.8,440.03,-119.16,-845.69,-1415.9,-622.88,555.61,982.57,184.45,2161.9,165390,448,1099,2296,-1.9222,1.0425,0.2311
1097.2,1876.6,478.06,-2.7498,-481.29,-2173.1,5.1209e+05,429511,1,219.15,406.49,-32.178,-779.56,-1326.1,-397.65,458.6,821.38,57.359,1904.5,144493,448,1099,2296,-1.9144,1.0544,0.24208
1117.4,1847.8,490.19,-0.015338,-493.75,-2158.6,5.283e+05,426645,1,448.68,768.99,81.338,-203.37,-286.35,-294.39,53.259,106.54,-51.54,1013,10068,448,1101,2298,-1.8983,1.078,0.26376
1115.7,1851.4,490.92,-0.077899,-494.19,-2160.8,5.2972e+05,426643,1,420.69,716.01,115.33,-210.42,-321.23,-215.62,63.202,128.4,-69.393,960.32,9651,448,1101,2298,-1.8999,1.078,0.2521
1103,1858.9,488.66,-2.1515,-491.87,-2160.8,5.3335e+05,428075,1,324.55,549.23,135.57,-416.3,-715.49,-139.13,239.99,435.13,-15.873,1173.5,10852,448,1099,2296,-1.9079,1.0662,0.24127
1130.1,1844.5,491.12,0.57263,-494.59,-2162.4,5.4717e+05,425215,1,514.96,861.52,129.27,-122.02,-172.01,-164.63,-15.221,-9.0111,-70.12,1049.2,10297,448,1101,2298,-1.8917,1.0897,0.26284
1147.9,1844.3,487.76,1.2324,-491.42,-2171.5,4.7136e+05,423791,1,740.77,1202.4,255.43,314.74,488.25,190.05,-196.21,-258.19,-311.09,1623.4,23525,448,1101,2298,-1.8834,1.1014,0.27348
1171,1859.5,479.54,1.2506,-483.11,-2196.7,3.9604e+05,422369,1,-5556.4,-10294,4110.8,-16882,-30679,9942.4,962.38,2163.6,-2275.2,38595,346739,448,1101,2298,-1.8767,1.1131,0.2725
989.6,1300.9,477.96,-113.89,-496.75,-1624.9,4.0457e+05,420953,1,-14711,-27383,12168,-36872,-68104,28111,5698.2,11401,-7963.1,90156,356362,448,1101,2298,-1.8682,1.1247,0.28298
586.39,278.75,497.36,-285.51,-540.28,-543.6,4.1615e+05,419539,1,-17245,-32046,14906,-36154,-69075,38109,3108.2,12385,-28347,1.0022e+05,357574,448,1101,2298,-1.8596,1.1362,0.29336
402.2,-134.24,795.02,-307.88,-841.44,-94.981,4.2155e+05,419537,1,-18748,-35989,21229,-39121,-74605,41794,8387,18850,-20400,1.0855e+05,358482,448,1101,2298,-1.8613,1.1362,0.28194
210.25,595.63,-834.18,14.926,846.33,-615.08,5.4576e+05,415317,1,2640.6,-1606.1,20082,6479.5,1153.6,31490,-8095.1,-11599,-3607.4,40754,347408,448,1101,2298,-1.8309,1.1707,0.33508
-33.451,185.56,-722.59,20.258,733.58,-138.38,5.1508e+05,415315,1,2652.7,-1687.1,21008,11044,6321.1,39591,-11246,-14082,-12581,51611,350079,448,1101,2298,-1.833,1.1707,0.32384
-235.53,-679.05,-258.41,-197.58,232.6,700.16,4.4374e+05,416719,1,-7376.8,-17394,20582,1523.1,-12145,52915,-10083,-7028.3,-33173,70583,353595,448,1101,2298,-1.842,1.1593,0.31379
-300.85,-326.57,-478.02,9.2344,484.25,437.12,4.9594e+05,415313,1,2394.1,-1979.2,21382,16925,15183,42649,-17604,-21516,-22661,63946,352392,448,1101,2298,-1.8349,1.1707,0.31259
716.71,1491.6,-1248.6,0.94208,1266.5,-1641.2,5.6051e+05,413921,1,-125.29,-4574,14055,4403.2,-335.68,22817,-15963,-24878,985.09,40414,347306,448,1058,2295,-1.8174,1.1821,0.3673
545.1,1204.8,-1216.8,-0.47725,1233.1,-1307.3,5.635e+05,413919,1,180.92,-4511.1,15857,4602.6,-569.32,25349,-15567,-24192,716.25,42001,347746,448,1058,2295,-1.8196,1.1821,0.35614
362.71,900.4,-1183.9,-2.1931,1198.4,-952.75,5.649e+05,413917,1,264.83,-4477.8,16791,4712.1,-645.45,27105,-15815,-24203,-364.43,43536,348146,448,1101,2298,-1.8218,1.1821,0.34497
168.87,579.31,-1142,-1.985,1155.1,-577.98,5.6468e+05,413915,1,1348.7,-3225.3,18805,5327.8,-271.46,30111,-14765,-22115,-2524.9,44883,348485,448,1101,2298,-1.8238,1.1821,0.33379
1085,1936,440.52,-0.83649,-442.82,-2218.9,5.1847e+05,432387,1,284.4,588.84,-262.16,-700.9,-1106.7,-960.4,649.38,1143.2,341.64,2231.6,167296,448,1099,2296,-1.9299,1.0306,0.22002
1093.3,1917.5,458.09,-1.7022,-460.55,-2206.8,5.023e+05,430945,1,170.09,346.05,-143.49,-956.05,-1617.8,-689.2,604.25,1057.6,283.23,2395.7,187818,448,1099,2296,-1.9236,1.0425,0.2193
1096.4,1881.1,476.36,-3.4211,-479.35,-2176.6,5.1897e+05,429509,1,157.42,273.32,59.49,-898.84,-1573.6,-280.1,497.28,866.35,177.08,2120.1,164301,448,1099,2296,-1.9158,1.0544,0.23033
1095.3,1885.7,472.49,-3.8419,-475.22,-2180.1,5.224e+05,429507,1,108.69,188.71,42.068,-990.07,-1736.5,-312.52,522.11,906.04,209.13,2297.7,169588,448,1099,2296,-1.9172,1.0544,0.21857
1100.2,1860,487.69,-2.6058,-490.64,-2160.4,5.3365e+05,428073,1,268.93,445.29,162.36,-485.79,-846.19,-128.37,301.77,529.19,61.067,1280.7,11408,448,1099,2296,-1.9094,1.0662,0.22955
1128.1,1847.4,491.69,0.36705,-494.89,-2163.9,5.4424e+05,425213,1,478.49,805.83,119.64,-188.93,-277.35,-221.49,16.013,42.29,-62.037,1029.7,10170,448,1101,2298,-1.8933,1.0897,0.25123
1113.1,1853.7,491.68,-0.053824,-494.65,-2161.5,5.3733e+05,426641,1,436.4,729.28,179.41,-178.51,-285.37,-132.55,72.916,139.28,-44.201,955,9605,448,1100,2297,-1.9014,1.078,0.24044
1143.5,1840.8,490.6,0.15327,-494.1,-2166.3,4.5382e+05,423789,1,672.48,1095.5,224.97,176.44,278.24,80.15,-47.326,-38.22,-178.4,1361.4,11814,448,1101,2298,-1.8851,1.1014,0.26191
1140.5,1841.9,492.04,0.017329,-495.25,-2165.7,4.462e+05,423787,1,589.89,966.93,188.14,11.246,37.739,-96.513,-0.1524,27.122,-119.66,1159.4,10773,448,1100,2297,-1.8866,1.1014,0.25034
1164.2,1853.2,489.92,1.7075,-493.21,-2187.8,3.9894e+05,422367,1,-4554.3,-7882.4,1126.9,-13700,-23481,2270,1166.2,2100.4,-627.38,28888,343014,448,1100,2297,-1.8783,1.1131,0.26098
869.99,998.3,558.14,-160.31,-582.39,-1303.9,4.1113e+05,420951,1,-17943,-32860,12931,-41893,-77022,31136,7029.1,13094,-6022.7,1.0239e+05,357819,448,1101,2298,-1.8699,1.1247,0.27151
752.65,726,592.74,-199.18,-620.65,-1010,4.1814e+05,420949,1,-22160,-39764,12898,-49082,-87128,24008,6446,10355,1552.7,1.1387e+05,359048,448,1100,2297,-1.8715,1.1247,0.26004
-46.746,222.45,-1065.4,2.1114,1077.3,-161.33,5.6043e+05,413913,1,2009.1,-2346.2,20095,7358.5,2154.7,33938,-17838,-25467,-7598.8,51463,350051,448,1101,2298,-1.8258,1.1821,0.32259
-284.28,-180,-922.01,8.9748,932.68,305.53,5.5596e+05,413911,1,2877.7,-1041.3,20903,9432.1,5280.8,35440,-20515,-28566,-12005,56570,351027,448,1101,2298,-1.8278,1.1821,0.31138
-526.6,-608.52,-717.68,13.076,726.26,796.89,5.5439e+05,413909,1,2807.9,-944.09,20829,10693,7045.5,37430,-24367,-33799,-15229,63053,352234,448,1101,2298,-1.8297,1.1821,0.30016
470.6,1198,-1625.6,0.098365,1647.2,-1259.4,5.6568e+05,412521,1,33.387,-4716.3,16096,4769.8,-401.86,25793,-16897,-25779,479.42,43815,348218,448,1058,2295,-1.8124,1.1935,0.35474
287.69,894.94,-1591.1,-0.31551,1610.8,-905.8,5.6649e+05,412519,1,61.042,-4757.2,16854,4899.3,-351.5,27107,-17064,-25901,-147.63,45030,348522,448,1058,2295,-1.8146,1.1935,0.34361
95.028,573.75,-1550.3,-1.5144,1568.1,-531.71,5.6576e+05,412517,1,207.72,-4695.1,18006,5187.3,-212.93,29130,-17561,-26377,-1271.7,47197,349075,448,1101,2298,-1.8167,1.1935,0.33247
1094.9,1890.8,468.91,-4.6092,-471.43,-2184.4,5.2126e+05,429505,1,43.987,79.222,2.4835,-1116.7,-1955.2,-399.04,574.01,991.89,266.28,2573.2,229489,448,1099,2296,-1.9185,1.0544,0.2068
1097.8,1861.6,486.55,-3.1526,-489.27,-2160.6,5.2955e+05,428071,1,217.99,360.54,140.08,-556.86,-968.87,-169.24,386.95,675.45,100.12,1445.9,12324,448,1099,2296,-1.9107,1.0662,0.21783
1110,1854.9,492.25,-0.033047,-494.94,-2161,5.2744e+05,426639,1,450.32,750.33,200.39,-159.77,-258.8,-109.47,85.248,162.21,-51.865,972.99,9751,448,1100,2297,-1.9028,1.078,0.22877
1107.1,1856.6,492.34,0.025149,-494.75,-2161.1,5.1869e+05,426637,1,431.28,725.26,175.31,-166.23,-262.54,-156.05,131.41,231.97,5.42,972.99,9752,448,1100,2297,-1.9042,1.078,0.21709
1125.8,1850.2,492.46,0.42181,-495.36,-2165.1,5.4303e+05,425211,1,487.26,811.07,162.49,-191.95,-299.4,-152.18,18.056,51.1,-90.197,1040.4,10242,448,1100,2297,-1.8948,1.0897,0.23961
1138.2,1844.4,492.98,0.060273,-495.91,-2166.7,4.4831e+05,423785,1,564.11,924.81,182.03,-75.257,-130.9,5.9599,111.36,246.72,-266.49,1172.1,10841,448,1100,2297,-1.8881,1.1014,0.23876
1157.6,1848,493.51,1.7687,-496.51,-2180,4.0708e+05,422365,1,-9898.4,-17280,3052.1,-27141,-47084,6984.4,1870.2,3198.6,-281.54,58498,351405,448,1100,2297,-1.8799,1.1131,0.24945
649.44,510.92,573.41,-227.08,-602.94,-772.34,4.2377e+05,420947,1,-26915,-46656,8641.1,-54918,-95520,18497,2502.1,4103.5,295.05,1.2442e+05,360086,448,1100,2297,-1.8731,1.1247,0.24855
-111.24,224.72,-1488.2,-3.492,1503.8,-126.85,5.6531e+05,412515,1,355.92,-4641,19369,5718.9,140.13,31987,-18895,-27831,-3450.9,50953,349924,448,1101,2298,-1.8187,1.1935,0.32132
-334.32,-157.86,-1392.1,-5.2367,1405.4,315.31,5.6487e+05,412513,1,984,-3867.9,20656,6622.2,1070.5,34794,-20987,-29954,-8214.6,55708,350867,448,1101,2298,-1.8206,1.1935,0.31015
209.85,889.07,-2016.1,0.84425,2041.1,-856.17,5.6171e+05,411125,1,-44.077,-4925.1,17139,4839.9,-498.15,27395,-17420,-26295,469.61,45687,348701,448,1058,2295,-1.8074,1.2048,0.34224
16.153,569.97,-1983.4,0.29334,2006.3,-483.38,5.6431e+05,411123,1,-157.37,-5270,18420,4703.3,-1030.3,29594,-17895,-26830,-59.615,48022,349267,448,1058,2295,-1.8094,1.2048,0.33115
-191.9,225.1,-1940.3,-0.98376,1961,-81.163,5.6613e+05,411121,1,-120.33,-5325.2,19295,4938.5,-917.65,31339,-18546,-27499,-1588.8,50107,349754,448,1058,2295,-1.8114,1.2048,0.32004
1095.5,1898.2,464.21,-5.0732,-466.5,-2191.2,5.2124e+05,429503,1,-39.544,-46.964,-139.29,-1304.4,-2249.7,-706.5,627.93,1075.2,373.67,2995.8,247390,448,1099,2296,-1.9198,1.0544,0.19503
1095.8,1864.3,484.74,-3.5131,-487.21,-2162,5.2608e+05,428069,1,173.9,292.19,91.442,-618.13,-1058.8,-290.37,451.54,776.6,185.78,1597.8,14496,448,1099,2296,-1.912,1.0662,0.20611
1104.7,1859.3,491.69,0.10664,-493.84,-2162.3,5.1549e+05,426635,1,419.44,714.96,131.67,-174.82,-262.74,-243.88,176.47,302.91,51.942,994.53,9934,448,1107,2300,-1.9055,1.078,0.2054
1123,1851.7,493.57,0.43831,-496.2,-2165,5.3483e+05,425209,1,501.89,837.85,171.47,-167.41,-261.11,-144.34,50.621,107.85,-95.384,1060,10348,448,1100,2297,-1.8962,1.0897,0.22798
1120.2,1853.5,494.37,0.49945,-496.73,-2165.2,5.3306e+05,425207,1,514.95,869.1,139.32,-148.88,-218.46,-208.28,101.87,193.04,-80.728,1098.8,10517,448,1100,2297,-1.8976,1.0897,0.21634
1135.7,1846.4,494.86,-0.03579,-497.52,-2167.1,4.471e+05,423783,1,507.13,841.71,140.25,-249,-393.15,-166.3,159.23,309.28,-182.85,1176.4,10886,448,1100,2297,-1.8896,1.1014,0.22717
1098.4,1910.5,458.16,-5.2549,-460.2,-2203.4,5.2119e+05,429501,1,-136.53,-199.04,-286.1,-1412.1,-2395.9,-999.37,615.06,1035.6,474.16,3247.9,259188,448,1099,2296,-1.9209,1.0544,0.18324
1104,1927.9,452.53,-5.2272,-454.32,-2221.2,5.201e+05,429499,1,-140.04,-171.22,-517.28,-1547.9,-2584,-1509.3,593.48,1009.9,460.77,3410.4,265042,448,1099,2296,-1.922,1.0544,0.17145
1153.6,1844.5,498.02,0.47651,-500.91,-2174.9,4.1119e+05,422363,1,-9351.7,-16015,1530.7,-25696,-43901,3628.4,1531.8,2723.1,-708.07,54381,350649,448,1100,2297,-1.8814,1.1131,0.23791
1149.6,1839.3,505.38,-1.275,-508.22,-2168.3,4.2471e+05,422361,1,-8658.2,-14720,919.24,-25027,-42709,3331.6,3164.8,5967.9,-3208.2,53009,350365,448,1100,2297,-1.8828,1.1131,0.22636
636.12,468.33,578.33,-240.42,-607.79,-728.86,4.2584e+05,420945,1,-25837,-43416,1864.5,-54124,-91246,4630.9,843.03,1519.4,-458.78,1.1763e+05,359417,448,1100,2297,-1.8746,1.1247,0.23705
-416.64,-151.27,-1878.8,-3.2465,1897.2,356.56,5.6725e+05,411119,1,-61.453,-5356.5,20540,5381.4,-475.91,33475,-20005,-29253,-3394.7,53552,350477,448,1058,2295,-1.8134,1.2048,0.30892
-69.992,550.4,-2412.8,-0.14625,2440.4,-417.1,5.7538e+05,409733,1,28542,40382,5929.5,61011,88211,5876.8,-7618.3,-9968.6,-5189.3,1.1918e+05,359566,448,1058,2295,-1.8021,1.216,0.32981
-286.72,189.14,-2380,-5.1534,2404.6,3.4153,5.765e+05,409731,1,21257,27081,16123,46401,61890,24897,-9747.5,-14021,-2259.2,91352,356523,448,1058,2295,-1.8041,1.216,0.31875
1094.5,1868.5,481.26,-3.846,-483.49,-2164.9,5.2575e+05,428067,1,115.31,205.49,-7.3755,-720.71,-1208.9,-506.54,531.39,888.57,371.3,1871.6,143294,448,1099,2296,-1.9133,1.0662,0.19437
1103.1,1863.2,490.49,0.11122,-492.4,-2164.8,5.1571e+05,426633,1,413.44,717.4,66.369,-200.69,-291.24,-354.75,244.77,413.03,113.21,1088.2,10473,448,1099,2296,-1.9067,1.078,0.1937
1117.9,1856.1,494.88,0.53003,-496.99,-2166.3,5.3211e+05,425205,1,526.87,898.74,101.94,-132.68,-182.21,-266.03,173.09,313.44,-66.384,1161.9,10785,448,1100,2297,-1.8989,1.0897,0.20469
1133.7,1849.3,497.17,0.087667,-499.57,-2168.6,4.4884e+05,423781,1,447.65,728.02,206.63,-498.82,-877.55,120.87,333.82,647.12,-391.11,1577.9,14178,448,1100,2297,-1.8909,1.1014,0.21557
1132.5,1853.6,500.02,0.27061,-502.16,-2171.7,4.5231e+05,423779,1,35.542,-46.605,613.82,-1716,-3145.1,1180.1,728.96,1349.3,-564.14,4156.8,285311,448,1100,2297,-1.8922,1.1014,0.20397
1094.6,1875.7,474.12,-4.1223,-476.11,-2171.3,5.2878e+05,428065,1,55.873,128.55,-186.24,-826.64,-1354.5,-804.49,588.19,962.27,551.22,2189.8,166162,448,1099,2296,-1.9144,1.0662,0.18263
1098.8,1889.2,466.99,-4.8522,-468.79,-2185.1,5.2974e+05,428063,1,-43.921,-11.118,-441.39,-1023.8,-1640.1,-1290.3,561.01,917.75,565.61,2660.2,234845,448,1099,2296,-1.9155,1.0662,0.17088
1111.7,1950.8,445.88,-4.4321,-447.39,-2245,5.2053e+05,429497,1,-145.85,-159.9,-695.79,-1524.7,-2494.4,-1881,543.44,908.14,548.58,3410.4,265044,448,1099,2296,-1.923,1.0544,0.15966
1140.9,1818.7,518.77,-6.333,-521.88,-2146.2,4.3672e+05,422359,1,-6815.7,-11794,1768.6,-20799,-35876,4652.2,4577.5,8013.7,-1595.2,44919,348491,448,1100,2297,-1.8842,1.1131,0.2148
692.15,539.02,678.07,-245.27,-706.95,-818.2,4.283e+05,420943,1,-25409,-41730,-2450.4,-49609,-82386,-983.71,-1928.4,-1354.7,-8903.2,1.0829e+05,358449,448,1100,2297,-1.876,1.1247,0.22554
677.15,485.16,793.5,-252.75,-822.01,-764.19,4.3623e+05,420941,1,-19944,-33846,3141.3,-40560,-68540,3921.6,1039.9,2684.8,-4415.5,89102,356227,448,1100,2297,-1.8774,1.1247,0.21403
-514.65,-189.54,-2332.6,-8.5039,2354.6,444.66,5.7878e+05,409729,1,48136,69881,4412.3,1.0135e+05,1.5008e+05,-2260.8,-1104,-610.24,-4535.3,2.001e+05,364849,448,1058,2295,-1.806,1.216,0.30767
1102.4,1868.8,487.85,0.030702,-489.53,-2169.3,5.2258e+05,426631,1,336.46,610.68,-96.389,-307.06,-433.84,-663.01,434.64,707.73,378.27,1431.9,12247,448,1099,2296,-1.9079,1.078,0.182
1116.1,1859.3,495.12,0.44729,-497,-2168.1,5.3062e+05,425203,1,528.36,908.13,70.66,-132.65,-176.88,-311.72,230.67,404.57,-16.719,1213.3,11081,448,1107,2300,-1.9001,1.0897,0.19303
1115,1863.7,494.73,0.32962,-496.39,-2171.4,5.3137e+05,425201,1,510.88,891.45,-6.0742,-171.29,-222.31,-462.31,297.13,512.9,29.051,1304,11520,448,1107,2300,-1.9013,1.0897,0.18137
1131.3,1857.7,503.06,0.39524,-504.97,-2174.6,4.5894e+05,423777,1,-33.432,-69.145,121.48,-1804.3,-3056.2,-144.08,708.7,1253.9,-226.02,3842.2,278868,448,1100,2297,-1.8934,1.1014,0.19235
1121.5,1771.2,535.01,-15.655,-538.76,-2095.4,4.479e+05,422357,1,-11067,-19335,3906,-31344,-54296,8462.7,6553,11384,-1911.6,68482,353259,448,1100,2297,-1.8855,1.1131,0.20324
1098,1718.7,545.87,-24.553,-550.1,-2038.2,4.5952e+05,422355,1,-9166.2,-15884,2539.6,-24673,-42381,4543,4343.7,7282.7,266.39,53295,350426,448,1107,2300,-1.8867,1.1131,0.19167
1106.2,1909.3,459.16,-5.1884,-460.74,-2206.2,5.318e+05,428061,1,-131.9,-127.12,-752.83,-1222.9,-1923.4,-1890.7,529.37,852.01,669.37,3290,260684,448,1099,2296,-1.9165,1.0662,0.15912
1103.3,1877.3,481.17,-0.21691,-482.64,-2177.2,5.3081e+05,426629,1,303.3,575,-261.4,-394.91,-550.85,-957.24,550.99,885.33,571.17,1811.2,137824,448,1099,2296,-1.909,1.078,0.17029
1107.8,1891.5,472.17,-0.90111,-473.47,-2191.7,5.3562e+05,426627,1,125.31,315.81,-651.1,-648.53,-915.61,-1628,575.62,917.53,707.73,2474.4,224495,448,1099,2296,-1.91,1.078,0.15858
1116.7,1936.1,450.22,-4.8932,-451.56,-2234.8,5.3427e+05,428059,1,-133.51,-117.25,-894.54,-1322.9,-2078.8,-2213.7,479.67,779.6,597.17,3410.4,265045,448,1099,2296,-1.9175,1.0662,0.14736
1115.6,1871.5,493.21,0.3587,-494.66,-2178.5,5.3484e+05,425199,1,479.7,861.09,-156.44,-243.82,-306.44,-765.73,441.4,735.51,222.56,1587.8,14320,448,1106,2299,-1.9023,1.0897,0.1697
1129.8,1861.2,505.47,0.34329,-507.16,-2176.9,4.6699e+05,423775,1,-505.09,-858.52,-1.202,-2992.3,-5024.4,-564.55,970.63,1668.5,-34.171,6263.9,306599,448,1106,2299,-1.8946,1.1014,0.18073
1090.2,1713.6,543.3,-24.026,-547.11,-2029.8,4.6879e+05,422353,1,-14523,-24635,972.4,-36698,-62059,1176.6,3591.7,5718.1,2143.6,77900,354744,448,1106,2299,-1.8878,1.1131,0.18009
1118.6,1884.2,488.28,0.60735,-489.51,-2191,5.4136e+05,425197,1,413.22,792.6,-500.17,-358.91,-432.21,-1356.3,660.89,1094.4,411.6,2237.9,167473,448,1099,2296,-1.9033,1.0897,0.15803
1116.8,1913.1,462.97,-1.7941,-464.12,-2215,5.3866e+05,426625,1,119.05,335.79,-945.46,-734.52,-1017.5,-2131,613.06,1000.1,621.58,2983.2,247039,448,1099,2296,-1.9109,1.078,0.14685
1129.7,1866.9,506.64,0.16236,-508.13,-2181.7,4.7465e+05,423773,1,-76.011,-102.33,-136.37,-1747.8,-2894.9,-637.41,765.47,1320.5,-23.066,3769.2,276555,448,1106,2299,-1.8956,1.1014,0.1691
1104.6,1761.7,535.51,-16.089,-538.33,-2078.6,4.7579e+05,422351,1,-8944.7,-14805,-1931.2,-23333,-38698,-4627.8,1287.8,2122.1,426.69,48710,349445,448,1106,2299,-1.8889,1.1131,0.1685
1130.3,1942.7,455.32,-2.3511,-456.32,-2247.4,5.4092e+05,426623,1,68.572,268.82,-1202.9,-862.73,-1209.5,-2620.5,551.31,916.98,477.87,3410.4,265047,448,1099,2296,-1.9118,1.078,0.13513
1125.7,1903.4,481.52,0.37724,-482.56,-2211.1,5.4414e+05,425195,1,353.27,726.75,-830.45,-444.03,-520.51,-1920.5,811.15,1340.4,568.19,2876.9,242608,448,1099,2296,-1.9043,1.0897,0.14634
1132.5,1878,506.63,0.068976,-507.92,-2192.7,4.8382e+05,423771,1,-48.683,39.039,-813.23,-1664.8,-2529.6,-2210.4,842.54,1433.2,98.381,4182.7,285662,448,1106,2299,-1.8966,1.1014,0.15747
1139.4,1896.9,504.62,0.32662,-505.71,-2212.6,5.1122e+05,423769,1,341.75,710.19,-911.49,-619.7,-768.17,-2245.9,831.72,1376.6,433.68,3200.8,257691,448,1106,2299,-1.8976,1.1014,0.14583
1137.4,1929.9,473.55,-0.026054,-474.44,-2239.9,5.4582e+05,425193,1,293.05,646.56,-1096.2,-515.81,-602.4,-2417.3,807.14,1326.6,663.98,3321.2,262139,448,1099,2296,-1.9051,1.0897,0.13466
1132.6,1838,529.74,-5.228,-531.46,-2158.5,4.7762e+05,422349,1,-7789.8,-12771,-2648.2,-21226,-34925,-6415.4,1092.3,1839.3,81.761,44123,348279,448,1106,2299,-1.8899,1.1131,0.15691
1149.2,1922.5,496.84,1.1089,-497.7,-2239.6,5.2851e+05,423767,1,405.83,818.75,-987.4,-409.1,-420.54,-2347.2,875.29,1416,773.08,3321.5,262148,448,1099,2296,-1.8984,1.1014,0.13418
1150.2,1885,524.57,-0.22284,-525.73,-2208,4.7195e+05,422347,1,-6082.5,-10146,-838.78,-17302,-28921,-2064.8,1293.3,2136.5,420,35877,345823,448,1106,2299,-1.8908,1.1131,0.14531
1162.9,1916.8,517.68,1.3257,-518.56,-2241.8,4.6307e+05,422345,1,-4019.2,-6390.8,-3238.5,-12024,-19320,-8184.2,1452.9,2386.5,651.78,25701,341514,448,1099,2296,-1.8917,1.1131,0.1337
821.34,990.4,571.51,-159.51,-583.28,-1271.4,4.6996e+05,420929,1,-16937,-27395,-7482.9,-37082,-60034,-16566,-2625.8,-4319.4,-193.35,79828,354997,448,1106,2299,-1.884,1.1247,0.14478
951.35,1316,580.41,-107.22,-587.98,-1617.6,4.6816e+05,420927,1,-15762,-24965,-11568,-35412,-56044,-26680,-3436.3,-5658.9,-319.9,78462,354810,448,1099,2296,-1.8848,1.1247,0.13322
